30 
-12.000000 22.000000 -24.000000 -23.000000 23.000000 -2.000000 10.000000 -24.000000 20.000000 -17.000000 21.000000 -14.000000 -1.000000 10.000000 -24.000000 -14.000000 -17.000000 7.000000 20.000000 22.000000 5.000000 -23.000000 18.000000 -6.000000 -5.000000 18.000000 4.000000 -7.000000 16.000000 2.000000 -1287.000000 
19.000000 -22.000000 24.000000 20.000000 -20.000000 -5.000000 17.000000 -11.000000 21.000000 12.000000 -2.000000 17.000000 -3.000000 -4.000000 -25.000000 -2.000000 -18.000000 -17.000000 4.000000 1.000000 4.000000 8.000000 -23.000000 -3.000000 -23.000000 -3.000000 14.000000 6.000000 15.000000 4.000000 2025.000000 
8.000000 -18.000000 7.000000 -20.000000 1.000000 -13.000000 0.000000 -7.000000 -25.000000 -4.000000 4.000000 23.000000 12.000000 -25.000000 -6.000000 12.000000 23.000000 -25.000000 -6.000000 -25.000000 1.000000 24.000000 8.000000 4.000000 20.000000 -16.000000 -25.000000 -18.000000 -10.000000 -10.000000 -1444.000000 
12.000000 -3.000000 22.000000 18.000000 2.000000 -2.000000 4.000000 -24.000000 -10.000000 5.000000 22.000000 -7.000000 2.000000 8.000000 -7.000000 -5.000000 -6.000000 -10.000000 -5.000000 -12.000000 -10.000000 22.000000 11.000000 -3.000000 25.000000 -21.000000 7.000000 25.000000 -14.000000 -4.000000 -1109.000000 
14.000000 23.000000 18.000000 11.000000 -10.000000 -6.000000 8.000000 19.000000 20.000000 -3.000000 23.000000 17.000000 15.000000 0.000000 24.000000 -18.000000 -6.000000 18.000000 22.000000 15.000000 -20.000000 -14.000000 -15.000000 -10.000000 8.000000 -16.000000 -6.000000 14.000000 8.000000 5.000000 602.000000 
-16.000000 -3.000000 -23.000000 1.000000 7.000000 -8.000000 -6.000000 14.000000 -15.000000 -11.000000 -15.000000 -17.000000 5.000000 -1.000000 -18.000000 -23.000000 6.000000 -25.000000 20.000000 2.000000 -11.000000 -1.000000 -13.000000 -1.000000 14.000000 20.000000 -18.000000 7.000000 -17.000000 16.000000 -1030.000000 
-13.000000 17.000000 12.000000 -11.000000 -7.000000 18.000000 6.000000 -14.000000 6.000000 -10.000000 0.000000 16.000000 23.000000 4.000000 14.000000 -21.000000 7.000000 -6.000000 5.000000 -25.000000 -5.000000 19.000000 25.000000 7.000000 -7.000000 13.000000 -25.000000 25.000000 20.000000 -17.000000 -556.000000 
15.000000 -19.000000 0.000000 -25.000000 -5.000000 18.000000 18.000000 0.000000 -22.000000 -2.000000 15.000000 -22.000000 13.000000 13.000000 -19.000000 1.000000 -9.000000 -13.000000 -6.000000 21.000000 -12.000000 -12.000000 -11.000000 -13.000000 20.000000 7.000000 -1.000000 -5.000000 6.000000 -7.000000 482.000000 
-23.000000 21.000000 24.000000 2.000000 -5.000000 18.000000 -6.000000 -12.000000 -8.000000 23.000000 -15.000000 7.000000 0.000000 -2.000000 19.000000 6.000000 -2.000000 9.000000 19.000000 18.000000 -21.000000 6.000000 5.000000 -7.000000 -8.000000 25.000000 -1.000000 -10.000000 -6.000000 4.000000 -2029.000000 
-17.000000 -4.000000 -1.000000 -19.000000 24.000000 20.000000 25.000000 17.000000 7.000000 16.000000 14.000000 -9.000000 22.000000 13.000000 14.000000 -11.000000 19.000000 -13.000000 24.000000 12.000000 4.000000 -23.000000 17.000000 -17.000000 20.000000 -17.000000 -18.000000 -7.000000 23.000000 -25.000000 368.000000 
22.000000 -20.000000 -3.000000 21.000000 -13.000000 20.000000 -11.000000 11.000000 11.000000 21.000000 -25.000000 25.000000 -14.000000 -3.000000 12.000000 0.000000 11.000000 5.000000 12.000000 -17.000000 16.000000 15.000000 10.000000 7.000000 -3.000000 4.000000 -11.000000 -21.000000 22.000000 -13.000000 1417.000000 
-21.000000 -7.000000 17.000000 -25.000000 -12.000000 -22.000000 20.000000 -24.000000 -12.000000 6.000000 22.000000 14.000000 -21.000000 7.000000 -15.000000 16.000000 -19.000000 -5.000000 21.000000 -8.000000 4.000000 11.000000 6.000000 -12.000000 18.000000 3.000000 18.000000 6.000000 7.000000 -12.000000 -2783.000000 
-8.000000 -15.000000 6.000000 -16.000000 11.000000 -7.000000 12.000000 5.000000 -6.000000 0.000000 10.000000 15.000000 -12.000000 -12.000000 22.000000 -2.000000 -21.000000 -23.000000 -8.000000 -1.000000 20.000000 21.000000 9.000000 0.000000 -16.000000 -25.000000 -23.000000 -24.000000 7.000000 -17.000000 -42.000000 
14.000000 -2.000000 19.000000 20.000000 7.000000 4.000000 -13.000000 19.000000 8.000000 -19.000000 -7.000000 18.000000 -5.000000 6.000000 -20.000000 -9.000000 3.000000 -16.000000 19.000000 20.000000 8.000000 -13.000000 16.000000 17.000000 -14.000000 -1.000000 17.000000 -11.000000 25.000000 -2.000000 2074.000000 
22.000000 13.000000 -4.000000 15.000000 7.000000 -23.000000 -7.000000 -6.000000 21.000000 -24.000000 25.000000 13.000000 19.000000 -6.000000 -7.000000 24.000000 -15.000000 -5.000000 8.000000 3.000000 15.000000 15.000000 15.000000 -21.000000 6.000000 -25.000000 3.000000 -2.000000 14.000000 2.000000 -38.000000 
-5.000000 11.000000 -11.000000 16.000000 25.000000 -4.000000 -7.000000 18.000000 15.000000 13.000000 -7.000000 -12.000000 1.000000 11.000000 -19.000000 -7.000000 -17.000000 -9.000000 -12.000000 16.000000 -7.000000 -23.000000 -20.000000 -18.000000 -19.000000 -15.000000 8.000000 9.000000 -18.000000 21.000000 1158.000000 
10.000000 3.000000 6.000000 24.000000 18.000000 -20.000000 19.000000 10.000000 23.000000 8.000000 -2.000000 -10.000000 21.000000 -2.000000 -25.000000 -23.000000 16.000000 -17.000000 18.000000 -22.000000 -1.000000 11.000000 -20.000000 4.000000 -8.000000 11.000000 14.000000 25.000000 -6.000000 -4.000000 1479.000000 
21.000000 3.000000 24.000000 -25.000000 2.000000 -10.000000 5.000000 20.000000 -25.000000 2.000000 3.000000 23.000000 17.000000 23.000000 -5.000000 -9.000000 -1.000000 -15.000000 25.000000 17.000000 14.000000 -2.000000 2.000000 -7.000000 1.000000 19.000000 -21.000000 -11.000000 -7.000000 23.000000 -1192.000000 
-16.000000 13.000000 1.000000 -18.000000 13.000000 2.000000 23.000000 -7.000000 -4.000000 -3.000000 -6.000000 -2.000000 -6.000000 11.000000 21.000000 14.000000 -24.000000 -6.000000 -2.000000 0.000000 10.000000 11.000000 23.000000 -14.000000 -21.000000 -2.000000 5.000000 8.000000 -13.000000 23.000000 -861.000000 
-21.000000 -4.000000 10.000000 -21.000000 -22.000000 22.000000 6.000000 -25.000000 14.000000 2.000000 22.000000 8.000000 -1.000000 -10.000000 -7.000000 -6.000000 3.000000 19.000000 -12.000000 0.000000 -6.000000 23.000000 -14.000000 -9.000000 9.000000 15.000000 -11.000000 13.000000 -3.000000 1.000000 -2015.000000 
-16.000000 -25.000000 22.000000 -7.000000 -20.000000 -1.000000 -11.000000 -15.000000 24.000000 3.000000 -14.000000 20.000000 -15.000000 11.000000 -16.000000 -23.000000 -21.000000 12.000000 21.000000 17.000000 -13.000000 14.000000 -11.000000 23.000000 5.000000 -3.000000 12.000000 19.000000 -16.000000 8.000000 -96.000000 
19.000000 18.000000 8.000000 -11.000000 -15.000000 -13.000000 14.000000 24.000000 -2.000000 12.000000 1.000000 9.000000 7.000000 -15.000000 19.000000 -10.000000 -13.000000 24.000000 2.000000 8.000000 -11.000000 -12.000000 -4.000000 3.000000 -15.000000 0.000000 -1.000000 -4.000000 -7.000000 -18.000000 409.000000 
-22.000000 11.000000 25.000000 -15.000000 -25.000000 -16.000000 23.000000 14.000000 8.000000 -5.000000 25.000000 -17.000000 3.000000 -20.000000 19.000000 -3.000000 -4.000000 -20.000000 20.000000 -3.000000 -13.000000 -17.000000 10.000000 -17.000000 -14.000000 -6.000000 8.000000 -16.000000 15.000000 1.000000 376.000000 
-8.000000 -8.000000 -14.000000 16.000000 2.000000 11.000000 -25.000000 -1.000000 24.000000 8.000000 -7.000000 24.000000 -10.000000 -4.000000 -22.000000 -17.000000 18.000000 24.000000 14.000000 -14.000000 20.000000 0.000000 19.000000 4.000000 8.000000 4.000000 23.000000 16.000000 14.000000 -14.000000 -268.000000 
16.000000 5.000000 3.000000 1.000000 -5.000000 5.000000 -13.000000 20.000000 3.000000 -15.000000 -24.000000 -4.000000 -17.000000 -8.000000 17.000000 12.000000 25.000000 -17.000000 -16.000000 -13.000000 -6.000000 -21.000000 13.000000 -13.000000 -18.000000 20.000000 17.000000 5.000000 -16.000000 -21.000000 1503.000000 
16.000000 25.000000 9.000000 19.000000 1.000000 -22.000000 23.000000 13.000000 24.000000 0.000000 23.000000 25.000000 21.000000 6.000000 16.000000 12.000000 17.000000 -10.000000 -6.000000 0.000000 2.000000 13.000000 4.000000 14.000000 -25.000000 -14.000000 9.000000 -9.000000 16.000000 18.000000 2676.000000 
-5.000000 -20.000000 -8.000000 3.000000 -2.000000 18.000000 6.000000 -5.000000 -21.000000 -22.000000 21.000000 -24.000000 3.000000 -10.000000 -19.000000 -7.000000 2.000000 -3.000000 8.000000 21.000000 23.000000 10.000000 9.000000 -25.000000 -2.000000 -17.000000 -14.000000 -19.000000 24.000000 1.000000 -741.000000 
-1.000000 -7.000000 -19.000000 16.000000 21.000000 4.000000 -18.000000 -25.000000 -1.000000 -14.000000 4.000000 -6.000000 12.000000 -19.000000 -17.000000 19.000000 -1.000000 10.000000 -10.000000 7.000000 -20.000000 12.000000 -9.000000 -12.000000 13.000000 -12.000000 21.000000 24.000000 -5.000000 19.000000 -286.000000 
25.000000 -7.000000 11.000000 -20.000000 8.000000 -20.000000 -17.000000 15.000000 -20.000000 7.000000 -25.000000 9.000000 0.000000 12.000000 15.000000 -17.000000 -21.000000 14.000000 -8.000000 20.000000 20.000000 -3.000000 6.000000 10.000000 -16.000000 18.000000 23.000000 -21.000000 17.000000 17.000000 1398.000000 
23.000000 -10.000000 -16.000000 8.000000 20.000000 -9.000000 13.000000 -23.000000 -20.000000 -7.000000 -16.000000 5.000000 -24.000000 9.000000 17.000000 -9.000000 17.000000 -5.000000 4.000000 -16.000000 -11.000000 23.000000 -20.000000 -5.000000 7.000000 -10.000000 -13.000000 4.000000 -6.000000 3.000000 -62.000000 
