30
22.000000 1.000000 -8.000000 6.000000 6.000000 13.000000 16.000000 -21.000000 19.000000 17.000000 16.000000 -21.000000 -3.000000 7.000000 3.000000 2.000000 -2.000000 -20.000000 15.000000 -9.000000 15.000000 19.000000 -20.000000 -21.000000 7.000000 -19.000000 17.000000 -13.000000 -17.000000 -1.000000 
0.000000 23.863636 26.090910 22.181818 -9.818182 7.227273 19.818182 -3.136364 22.409090 14.681818 8.818182 24.863636 23.409090 -17.954546 6.590909 -4.272727 20.272728 -9.272727 14.954546 -4.772727 8.954546 -16.590910 -19.272728 -17.136364 -3.954545 -15.409091 19.681818 -13.227273 7.318182 18.136364 
0.000000 -0.000001 44.746666 -4.135240 -31.005714 -31.148571 19.215237 18.234285 9.369523 -27.792381 -1.615238 50.620949 30.990475 -30.876190 19.638094 9.710476 19.224762 32.605713 18.013332 12.400000 -18.712381 -11.847619 14.396190 16.540953 -12.182857 30.977144 -14.687620 -1.577143 23.453335 27.080000 
0.000000 0.000000 0.000000 30.433722 19.296698 39.900352 42.924740 -8.530180 8.968458 47.598541 46.305294 -37.662186 15.847692 -21.930614 0.417929 19.487740 15.084496 -13.457602 7.563468 -28.997019 6.310405 -12.737102 -16.912056 -35.734886 13.439468 -23.775969 45.423504 0.944322 -36.983612 17.651670 
0.000000 0.000001 0.000000 0.000000 37.063084 9.669653 1.280785 -11.415442 -35.197342 31.371309 17.141611 -54.423500 8.796797 21.441645 -3.674856 26.821617 15.142233 10.607375 -25.441555 -9.374520 -11.527746 -9.203037 16.880951 -4.477154 7.579983 -9.694058 12.815645 30.872375 -3.227930 21.500839 
0.000000 -0.000000 0.000000 0.000000 0.000000 28.988811 30.518839 -2.674647 26.207401 -17.298042 15.949185 39.691422 -19.039461 -38.992554 17.775478 -30.743324 18.730915 -23.305264 3.226202 -24.412910 28.036282 -19.566036 2.079198 -12.095327 -4.112789 9.906526 32.979805 -28.745613 -23.058016 9.465128 
0.000000 -0.000001 0.000000 0.000000 0.000000 0.000000 62.705700 -7.456679 24.426533 33.717758 25.350649 18.963011 30.277473 -19.423069 44.910408 33.740303 4.258205 -32.477951 55.031349 -44.221424 -3.818531 3.756990 -34.514782 -14.556922 18.431746 1.322202 59.650761 -47.375401 -45.114025 27.228140 
0.000000 0.000000 0.000000 0.000000 0.000000 0.000000 0.000000 39.333809 4.991475 6.162413 -11.956009 -1.847403 -23.943176 5.967217 -26.294737 -5.339996 -26.592999 -2.121338 4.618306 -6.021645 -5.553437 -10.778601 -27.386971 -11.947111 -0.753188 -24.663942 -11.095032 0.540234 9.571984 -28.052338 
0.000000 -0.000001 0.000000 -0.000000 0.000000 0.000000 0.000000 0.000000 48.990921 -42.970936 11.744484 44.754120 5.155849 -27.064983 0.286044 -13.899674 -11.966461 -8.117577 13.775824 -18.986837 1.667975 8.270243 -36.004883 14.505684 4.589998 9.101089 10.430632 -57.347408 -29.809477 0.579139 
0.000000 0.000001 0.000000 0.000000 0.000000 0.000000 0.000000 0.000000 0.000000 53.407639 -61.431629 -45.273293 -43.050255 40.176353 -4.977307 -29.383966 -8.227279 -16.344168 0.819549 -7.622982 13.168981 2.809114 -0.061512 -49.414951 -11.668370 -22.462883 -4.567816 37.859650 26.186260 -31.799364 
0.000000 -0.000001 0.000000 0.000000 0.000000 -0.000000 0.000000 0.000000 0.000000 -0.000001 51.963757 18.150406 12.572272 -17.148628 15.911984 39.849937 50.021923 6.298422 0.587991 -10.712647 -28.210848 -19.034386 53.166355 -4.106860 17.325947 54.881256 0.413052 35.650192 -29.256571 57.316795 
0.000000 -0.000002 0.000000 0.000000 0.000000 -0.000000 0.000000 0.000000 0.000000 -0.000001 0.000000 62.180439 -12.002920 -15.077377 42.727715 -28.563580 80.517006 -43.360741 -26.636522 -31.910042 -3.880665 -75.000275 77.151428 -23.157940 -32.439163 71.191078 46.044708 30.116838 6.921343 74.306213 
0.000000 0.000001 0.000000 -0.000000 -0.000001 0.000000 0.000000 0.000000 0.000000 0.000001 0.000000 0.000000 74.485542 -3.823482 15.487656 77.991753 -83.664902 26.303354 41.255928 37.246845 20.138889 96.309814 -93.553207 43.911541 26.358997 -48.964890 -24.018587 -66.531502 -40.796204 -46.557098 
0.000000 -0.000001 0.000000 -0.000000 0.000000 -0.000000 0.000000 0.000000 0.000000 -0.000000 0.000000 0.000000 0.000000 41.833641 13.346005 2.953656 -8.088803 -45.378162 -3.824633 -19.471867 -13.989088 7.641909 -38.787079 -37.165470 15.442575 -17.504311 -2.253474 -9.547226 9.135768 -8.975292 
0.000000 0.000000 0.000000 0.000000 0.000000 -0.000000 0.000000 0.000000 0.000000 0.000003 0.000004 0.000000 0.000000 0.000000 52.249535 48.086452 -5.310368 26.577997 13.429326 -12.208842 -7.960406 49.388470 -20.005610 -25.964348 19.760406 24.603178 -18.614899 -0.242158 -53.352814 3.819526 
0.000000 0.000002 0.000000 0.000000 0.000000 -0.000000 0.000000 0.000000 0.000000 -0.000001 -0.000001 0.000000 0.000000 0.000000 0.000000 69.299835 -26.636021 46.637547 46.993073 16.299107 -16.226604 37.016529 4.494751 25.532433 34.663292 26.768379 -67.267899 5.377924 -30.304722 -55.811695 
0.000000 0.000001 0.000000 0.000000 0.000000 -0.000000 0.000000 0.000000 0.000000 0.000000 0.000001 0.000000 0.000000 0.000000 0.000000 -0.000000 53.768967 38.204861 -3.013170 -11.888990 -21.120016 5.760944 96.078987 17.313580 38.256580 99.664200 -42.638786 50.069489 -20.772013 26.282059 
0.000000 0.000003 0.000000 -0.000000 0.000000 -0.000000 0.000000 0.000000 0.000000 0.000005 0.000006 0.000000 0.000000 0.000000 0.000000 -0.000001 0.000000 85.824097 -23.525585 -20.359932 40.597786 103.161530 33.836998 24.858049 73.466568 56.174713 -33.527580 22.587330 -45.359360 19.533789 
0.000000 -0.000000 0.000000 0.000000 -0.000000 0.000000 0.000000 0.000000 -0.000000 -0.000002 0.000002 0.000000 0.000000 0.000000 0.000000 -0.000000 0.000000 0.000000 46.390671 33.156036 -4.735970 56.270798 19.508432 16.302385 -7.467896 25.575054 -58.962627 7.643043 -14.423651 -2.279015 
0.000000 0.000001 0.000000 0.000000 0.000000 -0.000000 0.000000 0.000000 -0.000000 0.000001 0.000002 -0.000000 0.000000 0.000000 0.000000 0.000000 0.000000 0.000000 0.000000 30.057720 32.829220 -6.557233 -17.714703 7.821742 10.095768 -16.155962 -29.487217 -2.408088 9.646445 -20.887617 
0.000000 0.000004 0.000000 0.000000 -0.000000 0.000000 0.000000 0.000000 0.000000 0.000005 0.000006 -0.000001 0.000000 0.000000 0.000000 -0.000000 0.000000 -0.000004 0.000000 0.000000 96.159393 41.305412 -76.663925 25.193344 95.331329 -41.183098 -58.329002 -44.931641 0.414743 -25.949823 
0.000000 -0.000003 0.000000 -0.000001 -0.000000 0.000000 0.000000 0.000000 -0.000000 -0.000003 0.000001 0.000001 0.000000 0.000000 0.000001 0.000000 0.000000 0.000002 0.000004 0.000000 0.000000 139.473587 15.347727 17.356005 -46.562172 2.191143 16.513760 -20.684580 -69.524872 30.836552 
0.000000 0.000002 0.000000 -0.000000 0.000000 -0.000000 0.000000 0.000000 -0.000000 0.000002 0.000001 -0.000000 0.000000 0.000000 -0.000000 -0.000001 0.000000 0.000000 -0.000000 0.000000 0.000000 0.000000 39.840965 20.710829 24.249386 110.257172 -42.614849 8.405095 -37.716179 28.252153 
0.000000 0.000000 0.000000 0.000000 0.000000 -0.000000 0.000000 -0.000000 -0.000000 -0.000000 -0.000000 -0.000000 0.000002 0.000000 0.000000 -0.000000 0.000000 0.000000 0.000002 0.000000 0.000000 0.000000 0.000000 13.714523 15.516751 19.127682 -41.705566 42.760475 -38.896297 -19.497358 
0.000000 0.000002 0.000000 0.000000 0.000001 -0.000001 0.000000 -0.000001 -0.000000 0.000002 0.000003 -0.000001 0.000004 0.000000 0.000001 -0.000001 0.000000 0.000002 0.000004 0.000000 0.000000 0.000000 0.000000 0.000000 101.493652 104.514915 -140.624268 90.864456 -114.445267 -50.226650 
0.000000 -0.000001 0.000000 -0.000000 0.000000 -0.000000 0.000000 -0.000001 -0.000000 0.000001 -0.000001 -0.000000 0.000003 0.000000 0.000001 -0.000000 0.000000 0.000002 0.000004 0.000000 0.000000 0.000000 0.000000 0.000000 0.000000 49.379143 -35.744095 39.587280 -78.549896 -15.937143 
0.000000 0.000002 0.000000 0.000000 -0.000000 0.000000 0.000000 -0.000001 -0.000000 0.000003 0.000002 0.000000 -0.000002 0.000000 -0.000001 -0.000000 0.000000 -0.000002 -0.000003 0.000000 0.000000 0.000000 0.000000 0.000000 0.000000 0.000000 32.210621 -21.691273 33.758083 29.353065 
0.000000 0.000000 0.000000 0.000000 0.000000 -0.000000 0.000000 -0.000001 0.000000 0.000003 0.000002 -0.000000 0.000001 0.000000 0.000000 -0.000000 0.000000 0.000005 0.000000 0.000000 0.000000 0.000000 0.000000 0.000000 0.000000 0.000000 0.000000 53.566875 -32.478207 -7.577548 
0.000000 0.000007 0.000001 0.000001 -0.000001 -0.000000 0.000000 -0.000004 0.000000 0.000008 0.000004 0.000000 -0.000004 0.000001 -0.000002 -0.000001 0.000000 -0.000000 -0.000006 0.000000 0.000000 0.000000 0.000000 0.000002 0.000000 0.000000 0.000000 0.000000 21.738037 11.739314 
0.000000 0.000017 0.000002 0.000001 -0.000001 -0.000001 0.000000 -0.000008 0.000000 0.000018 0.000010 0.000000 -0.000009 0.000003 -0.000004 -0.000002 0.000000 -0.000001 -0.000013 0.000000 0.000000 0.000000 0.000000 0.000004 -0.000002 0.000000 0.000000 0.000000 0.000000 2.581015 
3.000073 -15.999232 -11.999096 -16.000784 2.000503 18.999355 -19.001345 3.000852 -20.999929 21.000763 25.001709 6.999259 -2.999781 9.999053 -1.999109 18.999405 9.000517 5.999552 12.000003 -4.000302 14.000175 18.000814 -6.000536 4.000287 -18.000229 -22.998579 -24.998999 18.000309 -1.998999 3.997956 