30 
5.000000 11.000000 -13.000000 -24.000000 14.000000 11.000000 10.000000 -21.000000 -3.000000 -21.000000 14.000000 19.000000 20.000000 19.000000 -21.000000 3.000000 -7.000000 16.000000 17.000000 -15.000000 -21.000000 -25.000000 -4.000000 17.000000 -23.000000 -20.000000 -6.000000 12.000000 18.000000 25.000000 -1888.000000 
6.000000 -3.000000 -15.000000 18.000000 -2.000000 24.000000 4.000000 7.000000 -22.000000 -25.000000 -15.000000 -9.000000 -6.000000 5.000000 -15.000000 23.000000 -18.000000 -23.000000 13.000000 -2.000000 -13.000000 18.000000 -2.000000 -18.000000 -17.000000 25.000000 -13.000000 3.000000 11.000000 -20.000000 -737.000000 
2.000000 -9.000000 -24.000000 -14.000000 9.000000 25.000000 -15.000000 -13.000000 6.000000 -12.000000 12.000000 17.000000 -22.000000 5.000000 -4.000000 -12.000000 2.000000 -23.000000 15.000000 -10.000000 1.000000 -23.000000 7.000000 24.000000 9.000000 15.000000 24.000000 22.000000 17.000000 -17.000000 -3411.000000 
-24.000000 19.000000 25.000000 2.000000 -21.000000 8.000000 1.000000 -11.000000 -6.000000 -18.000000 -24.000000 5.000000 -2.000000 -20.000000 -15.000000 19.000000 18.000000 -14.000000 21.000000 8.000000 1.000000 21.000000 -16.000000 7.000000 20.000000 18.000000 -3.000000 -8.000000 14.000000 13.000000 -22.000000 
0.000000 -11.000000 6.000000 24.000000 17.000000 11.000000 6.000000 17.000000 -1.000000 -1.000000 24.000000 1.000000 -21.000000 21.000000 -20.000000 14.000000 14.000000 23.000000 25.000000 -16.000000 5.000000 -25.000000 4.000000 14.000000 7.000000 -2.000000 -19.000000 3.000000 -11.000000 20.000000 67.000000 
-9.000000 -11.000000 9.000000 -4.000000 -13.000000 25.000000 6.000000 -7.000000 16.000000 -20.000000 17.000000 -11.000000 -20.000000 -5.000000 -16.000000 -15.000000 -17.000000 -2.000000 7.000000 -17.000000 -19.000000 -13.000000 -17.000000 10.000000 0.000000 -11.000000 8.000000 6.000000 18.000000 22.000000 -561.000000 
-25.000000 8.000000 10.000000 -17.000000 -22.000000 23.000000 7.000000 10.000000 15.000000 -3.000000 -11.000000 6.000000 -15.000000 -6.000000 -24.000000 20.000000 -22.000000 9.000000 17.000000 10.000000 17.000000 23.000000 -4.000000 -1.000000 -19.000000 -4.000000 14.000000 14.000000 1.000000 -20.000000 -626.000000 
-15.000000 -25.000000 13.000000 20.000000 -17.000000 -10.000000 -9.000000 15.000000 -1.000000 -20.000000 12.000000 13.000000 -14.000000 -4.000000 6.000000 12.000000 -10.000000 -17.000000 -5.000000 -19.000000 -7.000000 -13.000000 3.000000 14.000000 -15.000000 10.000000 9.000000 -2.000000 23.000000 -15.000000 -699.000000 
-23.000000 7.000000 -15.000000 15.000000 -24.000000 19.000000 5.000000 -8.000000 8.000000 -22.000000 23.000000 19.000000 -9.000000 -17.000000 15.000000 22.000000 20.000000 -21.000000 -20.000000 14.000000 11.000000 23.000000 0.000000 -12.000000 11.000000 11.000000 -3.000000 20.000000 8.000000 20.000000 -893.000000 
-21.000000 11.000000 1.000000 14.000000 25.000000 2.000000 7.000000 4.000000 -6.000000 15.000000 -18.000000 16.000000 -18.000000 -2.000000 -2.000000 22.000000 19.000000 17.000000 -24.000000 -2.000000 5.000000 -14.000000 -5.000000 -20.000000 24.000000 6.000000 16.000000 -4.000000 0.000000 23.000000 253.000000 
-10.000000 -22.000000 8.000000 -10.000000 17.000000 -18.000000 -8.000000 -1.000000 -15.000000 11.000000 13.000000 -8.000000 -25.000000 20.000000 -11.000000 -2.000000 17.000000 -17.000000 -11.000000 -8.000000 6.000000 19.000000 3.000000 -24.000000 24.000000 -25.000000 -19.000000 -12.000000 -4.000000 6.000000 2948.000000 
11.000000 -15.000000 -17.000000 -7.000000 1.000000 25.000000 25.000000 18.000000 23.000000 -15.000000 -23.000000 10.000000 2.000000 -23.000000 5.000000 17.000000 0.000000 21.000000 25.000000 -12.000000 12.000000 -21.000000 -19.000000 -11.000000 5.000000 5.000000 -11.000000 11.000000 -8.000000 -15.000000 -1270.000000 
16.000000 -23.000000 20.000000 24.000000 21.000000 20.000000 24.000000 20.000000 12.000000 -5.000000 -21.000000 -12.000000 -20.000000 7.000000 15.000000 -16.000000 23.000000 14.000000 4.000000 -4.000000 -24.000000 -10.000000 0.000000 8.000000 -22.000000 5.000000 -13.000000 17.000000 -10.000000 4.000000 -962.000000 
-24.000000 6.000000 -19.000000 -4.000000 4.000000 -24.000000 -10.000000 -24.000000 21.000000 2.000000 22.000000 -25.000000 15.000000 -24.000000 -19.000000 -21.000000 10.000000 3.000000 18.000000 13.000000 24.000000 20.000000 -23.000000 23.000000 2.000000 -20.000000 2.000000 -12.000000 -4.000000 -8.000000 103.000000 
-9.000000 -2.000000 -3.000000 -3.000000 19.000000 0.000000 -2.000000 8.000000 2.000000 19.000000 -16.000000 23.000000 -7.000000 -1.000000 -2.000000 -1.000000 3.000000 -18.000000 1.000000 -5.000000 -6.000000 -1.000000 -11.000000 -4.000000 21.000000 -10.000000 -25.000000 23.000000 3.000000 -4.000000 505.000000 
14.000000 -6.000000 -7.000000 -15.000000 16.000000 11.000000 10.000000 14.000000 -6.000000 11.000000 -19.000000 3.000000 8.000000 -1.000000 -24.000000 -20.000000 -3.000000 4.000000 12.000000 23.000000 -1.000000 -20.000000 21.000000 -13.000000 -25.000000 16.000000 3.000000 -25.000000 -13.000000 5.000000 410.000000 
22.000000 -25.000000 -2.000000 -11.000000 10.000000 -11.000000 -25.000000 -5.000000 2.000000 19.000000 5.000000 8.000000 -4.000000 13.000000 6.000000 23.000000 -8.000000 -23.000000 -25.000000 4.000000 -1.000000 -1.000000 9.000000 -6.000000 12.000000 -16.000000 9.000000 14.000000 -16.000000 22.000000 1939.000000 
18.000000 5.000000 22.000000 -9.000000 20.000000 -19.000000 -21.000000 20.000000 -25.000000 6.000000 -13.000000 5.000000 13.000000 8.000000 17.000000 18.000000 -21.000000 -16.000000 20.000000 5.000000 -13.000000 18.000000 -22.000000 21.000000 -14.000000 -11.000000 4.000000 20.000000 2.000000 -12.000000 178.000000 
-10.000000 20.000000 18.000000 12.000000 -15.000000 12.000000 18.000000 -11.000000 -20.000000 18.000000 -6.000000 -8.000000 22.000000 6.000000 0.000000 14.000000 -2.000000 -22.000000 -3.000000 17.000000 8.000000 9.000000 -17.000000 -14.000000 -22.000000 -6.000000 25.000000 -18.000000 13.000000 2.000000 149.000000 
-5.000000 3.000000 -4.000000 -13.000000 -11.000000 -20.000000 -1.000000 6.000000 19.000000 4.000000 -2.000000 12.000000 -4.000000 19.000000 -8.000000 21.000000 -19.000000 -11.000000 24.000000 3.000000 5.000000 -19.000000 11.000000 13.000000 -8.000000 -11.000000 6.000000 -9.000000 -4.000000 18.000000 342.000000 
-8.000000 16.000000 -5.000000 13.000000 2.000000 9.000000 -8.000000 -25.000000 14.000000 -15.000000 5.000000 -14.000000 22.000000 0.000000 5.000000 13.000000 -5.000000 11.000000 -24.000000 18.000000 14.000000 -20.000000 24.000000 24.000000 -8.000000 -10.000000 -13.000000 23.000000 -19.000000 -18.000000 -1016.000000 
16.000000 -2.000000 23.000000 10.000000 11.000000 0.000000 19.000000 -23.000000 25.000000 7.000000 -12.000000 4.000000 -7.000000 9.000000 -22.000000 23.000000 -3.000000 23.000000 8.000000 23.000000 -10.000000 21.000000 3.000000 13.000000 20.000000 20.000000 3.000000 -19.000000 -8.000000 9.000000 -98.000000 
-11.000000 7.000000 6.000000 11.000000 -9.000000 -9.000000 10.000000 -16.000000 -6.000000 10.000000 17.000000 -19.000000 13.000000 -16.000000 -11.000000 -9.000000 6.000000 -15.000000 13.000000 13.000000 8.000000 -23.000000 9.000000 -15.000000 -10.000000 3.000000 4.000000 -8.000000 -17.000000 21.000000 1472.000000 
-25.000000 22.000000 2.000000 -20.000000 8.000000 -7.000000 -3.000000 -8.000000 2.000000 -10.000000 1.000000 18.000000 -4.000000 -11.000000 1.000000 -16.000000 5.000000 -19.000000 -5.000000 -8.000000 20.000000 -23.000000 20.000000 3.000000 -13.000000 -16.000000 5.000000 -10.000000 1.000000 13.000000 520.000000 
-14.000000 -25.000000 10.000000 -13.000000 -20.000000 17.000000 5.000000 -24.000000 -17.000000 7.000000 -9.000000 -16.000000 -1.000000 -14.000000 -2.000000 -25.000000 -4.000000 -23.000000 6.000000 -10.000000 19.000000 0.000000 -8.000000 13.000000 2.000000 -22.000000 -4.000000 6.000000 -7.000000 -4.000000 1013.000000 
-6.000000 -22.000000 -4.000000 3.000000 -9.000000 -24.000000 -6.000000 -5.000000 -23.000000 -24.000000 -24.000000 -6.000000 -15.000000 1.000000 -21.000000 -18.000000 -25.000000 0.000000 -16.000000 6.000000 15.000000 -22.000000 6.000000 6.000000 -10.000000 7.000000 9.000000 12.000000 -12.000000 2.000000 635.000000 
7.000000 -19.000000 -21.000000 3.000000 9.000000 -5.000000 4.000000 2.000000 -10.000000 -20.000000 -23.000000 -9.000000 24.000000 13.000000 -9.000000 -22.000000 20.000000 -9.000000 -23.000000 -21.000000 -3.000000 -8.000000 7.000000 2.000000 23.000000 -4.000000 -17.000000 -19.000000 7.000000 -4.000000 626.000000 
-18.000000 -11.000000 -24.000000 -14.000000 17.000000 -16.000000 -19.000000 20.000000 -15.000000 -4.000000 25.000000 -12.000000 12.000000 -2.000000 -25.000000 -22.000000 1.000000 20.000000 19.000000 -23.000000 -2.000000 15.000000 -6.000000 4.000000 -9.000000 -8.000000 0.000000 25.000000 23.000000 -19.000000 -568.000000 
-5.000000 -21.000000 20.000000 22.000000 -10.000000 11.000000 -20.000000 -4.000000 -21.000000 -9.000000 17.000000 4.000000 -22.000000 -22.000000 -24.000000 -22.000000 6.000000 -24.000000 -3.000000 24.000000 -22.000000 -5.000000 14.000000 23.000000 -2.000000 4.000000 14.000000 23.000000 3.000000 11.000000 82.000000 
4.000000 -2.000000 -11.000000 -2.000000 -6.000000 4.000000 9.000000 24.000000 0.000000 13.000000 -11.000000 16.000000 -9.000000 -8.000000 19.000000 17.000000 20.000000 24.000000 -8.000000 17.000000 23.000000 -4.000000 -14.000000 -15.000000 18.000000 -17.000000 14.000000 6.000000 6.000000 -8.000000 -646.000000 
