30 
18.000000 18.000000 16.000000 -12.000000 -15.000000 20.000000 23.000000 -23.000000 -18.000000 7.000000 -19.000000 -16.000000 25.000000 23.000000 -6.000000 -7.000000 -14.000000 17.000000 21.000000 -23.000000 -1.000000 -3.000000 12.000000 -2.000000 -22.000000 -9.000000 -13.000000 -16.000000 -22.000000 7.000000 -198.000000 
-7.000000 22.000000 -1.000000 8.000000 9.000000 9.000000 -24.000000 7.000000 11.000000 -17.000000 13.000000 -9.000000 17.000000 -14.000000 -12.000000 -15.000000 4.000000 24.000000 1.000000 25.000000 0.000000 25.000000 -4.000000 -13.000000 23.000000 24.000000 -23.000000 9.000000 7.000000 -19.000000 -459.000000 
-10.000000 25.000000 2.000000 -12.000000 7.000000 10.000000 22.000000 -18.000000 -9.000000 -19.000000 -10.000000 3.000000 -3.000000 -19.000000 15.000000 -15.000000 16.000000 18.000000 -17.000000 -8.000000 -9.000000 9.000000 16.000000 -14.000000 -5.000000 -13.000000 -16.000000 -3.000000 -4.000000 17.000000 1564.000000 
-23.000000 -15.000000 -10.000000 4.000000 -1.000000 23.000000 -11.000000 -5.000000 4.000000 -21.000000 -24.000000 20.000000 -18.000000 23.000000 0.000000 22.000000 -18.000000 -9.000000 -12.000000 16.000000 -18.000000 5.000000 -1.000000 23.000000 16.000000 -7.000000 10.000000 0.000000 -11.000000 -20.000000 19.000000 
-9.000000 -8.000000 -10.000000 6.000000 -5.000000 14.000000 -23.000000 -17.000000 9.000000 7.000000 -12.000000 -16.000000 -25.000000 -5.000000 -19.000000 0.000000 16.000000 -11.000000 -10.000000 -22.000000 4.000000 -3.000000 8.000000 -23.000000 20.000000 24.000000 20.000000 4.000000 -2.000000 8.000000 -126.000000 
-17.000000 -12.000000 25.000000 -2.000000 -7.000000 20.000000 12.000000 -4.000000 -23.000000 20.000000 2.000000 15.000000 -22.000000 -24.000000 -16.000000 -16.000000 -25.000000 -1.000000 23.000000 -9.000000 3.000000 1.000000 -13.000000 10.000000 -23.000000 6.000000 -18.000000 22.000000 -16.000000 5.000000 -326.000000 
5.000000 -8.000000 -8.000000 -22.000000 -10.000000 11.000000 23.000000 1.000000 6.000000 0.000000 -5.000000 7.000000 -11.000000 -2.000000 8.000000 24.000000 7.000000 8.000000 -3.000000 5.000000 -2.000000 -1.000000 5.000000 11.000000 9.000000 8.000000 -9.000000 16.000000 -22.000000 -25.000000 -902.000000 
-4.000000 8.000000 17.000000 -13.000000 -14.000000 -19.000000 23.000000 8.000000 7.000000 -23.000000 7.000000 1.000000 9.000000 22.000000 24.000000 -9.000000 -6.000000 -20.000000 -1.000000 16.000000 10.000000 22.000000 15.000000 14.000000 7.000000 -2.000000 -4.000000 -2.000000 -12.000000 0.000000 -174.000000 
-2.000000 -17.000000 7.000000 14.000000 21.000000 -8.000000 -5.000000 18.000000 -25.000000 1.000000 -5.000000 7.000000 -23.000000 -22.000000 -23.000000 -25.000000 20.000000 -4.000000 -20.000000 -7.000000 12.000000 -11.000000 14.000000 1.000000 -22.000000 21.000000 -2.000000 24.000000 -7.000000 -15.000000 1406.000000 
-2.000000 -10.000000 19.000000 5.000000 -22.000000 14.000000 22.000000 -2.000000 6.000000 22.000000 25.000000 -25.000000 -22.000000 -24.000000 4.000000 5.000000 1.000000 -2.000000 -24.000000 -19.000000 -10.000000 13.000000 -5.000000 -22.000000 13.000000 23.000000 -2.000000 10.000000 22.000000 16.000000 -150.000000 
20.000000 -6.000000 5.000000 13.000000 24.000000 9.000000 1.000000 21.000000 6.000000 7.000000 -9.000000 -21.000000 -19.000000 19.000000 5.000000 -16.000000 -1.000000 -19.000000 7.000000 25.000000 -13.000000 -4.000000 -14.000000 7.000000 25.000000 24.000000 -21.000000 -3.000000 -18.000000 -25.000000 -960.000000 
13.000000 -24.000000 19.000000 -8.000000 -11.000000 18.000000 0.000000 -11.000000 -13.000000 -19.000000 -5.000000 -23.000000 -15.000000 -24.000000 -4.000000 16.000000 -15.000000 20.000000 -4.000000 -8.000000 -7.000000 8.000000 13.000000 4.000000 14.000000 -14.000000 -24.000000 18.000000 9.000000 -17.000000 1799.000000 
-8.000000 -4.000000 9.000000 -14.000000 13.000000 23.000000 -22.000000 -12.000000 12.000000 15.000000 19.000000 6.000000 -9.000000 3.000000 7.000000 12.000000 18.000000 18.000000 -20.000000 -12.000000 -16.000000 -2.000000 -5.000000 -4.000000 -24.000000 -16.000000 8.000000 -23.000000 1.000000 16.000000 541.000000 
10.000000 19.000000 -14.000000 -6.000000 4.000000 -2.000000 16.000000 7.000000 -15.000000 2.000000 21.000000 -22.000000 8.000000 11.000000 -19.000000 -11.000000 -2.000000 24.000000 -19.000000 -23.000000 -13.000000 15.000000 -25.000000 7.000000 11.000000 1.000000 -10.000000 18.000000 4.000000 -9.000000 -446.000000 
8.000000 13.000000 9.000000 -7.000000 -19.000000 -13.000000 16.000000 23.000000 -7.000000 -24.000000 24.000000 13.000000 4.000000 6.000000 -2.000000 10.000000 -5.000000 -5.000000 9.000000 -25.000000 -2.000000 -5.000000 -10.000000 -2.000000 1.000000 -25.000000 24.000000 -9.000000 -8.000000 -24.000000 -757.000000 
7.000000 25.000000 15.000000 15.000000 17.000000 -5.000000 -24.000000 7.000000 17.000000 19.000000 -18.000000 -10.000000 6.000000 -14.000000 -5.000000 3.000000 21.000000 15.000000 24.000000 -22.000000 16.000000 -4.000000 23.000000 5.000000 -7.000000 -1.000000 5.000000 16.000000 15.000000 -4.000000 691.000000 
-8.000000 21.000000 -5.000000 6.000000 -16.000000 11.000000 -25.000000 -15.000000 17.000000 18.000000 3.000000 25.000000 7.000000 8.000000 10.000000 -24.000000 -15.000000 -21.000000 -9.000000 -17.000000 -17.000000 -19.000000 4.000000 5.000000 11.000000 -4.000000 -22.000000 15.000000 -13.000000 -8.000000 -688.000000 
-15.000000 4.000000 12.000000 -21.000000 -16.000000 21.000000 -11.000000 9.000000 5.000000 -20.000000 -25.000000 -18.000000 -21.000000 7.000000 -11.000000 14.000000 -17.000000 0.000000 -7.000000 -1.000000 8.000000 -25.000000 -21.000000 12.000000 5.000000 -11.000000 7.000000 9.000000 -22.000000 19.000000 -276.000000 
0.000000 13.000000 22.000000 -13.000000 -9.000000 5.000000 7.000000 5.000000 -11.000000 -13.000000 10.000000 -11.000000 19.000000 -11.000000 -4.000000 -17.000000 2.000000 4.000000 8.000000 20.000000 -23.000000 15.000000 20.000000 -19.000000 -25.000000 0.000000 -5.000000 8.000000 8.000000 23.000000 1442.000000 
1.000000 7.000000 -16.000000 23.000000 -7.000000 0.000000 2.000000 -25.000000 4.000000 16.000000 12.000000 -12.000000 5.000000 5.000000 -24.000000 -25.000000 -13.000000 4.000000 4.000000 -6.000000 23.000000 6.000000 -16.000000 18.000000 -14.000000 -16.000000 17.000000 6.000000 -9.000000 24.000000 -1341.000000 
-23.000000 -8.000000 5.000000 -14.000000 -11.000000 24.000000 -15.000000 16.000000 -2.000000 14.000000 -19.000000 -16.000000 1.000000 11.000000 14.000000 3.000000 11.000000 1.000000 6.000000 14.000000 20.000000 3.000000 19.000000 -22.000000 20.000000 -21.000000 13.000000 -15.000000 -16.000000 3.000000 -878.000000 
-17.000000 -14.000000 20.000000 14.000000 22.000000 -17.000000 -14.000000 -19.000000 -1.000000 9.000000 20.000000 5.000000 -8.000000 -5.000000 -10.000000 5.000000 -3.000000 0.000000 -20.000000 -23.000000 -12.000000 -25.000000 -20.000000 -19.000000 3.000000 25.000000 10.000000 15.000000 -15.000000 19.000000 -1049.000000 
-7.000000 18.000000 4.000000 12.000000 -20.000000 25.000000 21.000000 -9.000000 -20.000000 19.000000 -1.000000 25.000000 -2.000000 16.000000 19.000000 -13.000000 -4.000000 -9.000000 -14.000000 1.000000 18.000000 -1.000000 -25.000000 23.000000 -21.000000 4.000000 -3.000000 14.000000 -7.000000 -19.000000 -2981.000000 
-19.000000 -15.000000 24.000000 -16.000000 23.000000 -21.000000 -17.000000 -8.000000 -5.000000 13.000000 -15.000000 -6.000000 -14.000000 -18.000000 -16.000000 -21.000000 19.000000 -21.000000 20.000000 -21.000000 -20.000000 -13.000000 -23.000000 -20.000000 -16.000000 6.000000 9.000000 6.000000 -6.000000 2.000000 1258.000000 
12.000000 25.000000 12.000000 -15.000000 8.000000 -17.000000 -11.000000 16.000000 0.000000 -17.000000 3.000000 -16.000000 2.000000 -12.000000 16.000000 -14.000000 -8.000000 -17.000000 15.000000 12.000000 -13.000000 20.000000 24.000000 14.000000 -25.000000 -18.000000 -6.000000 -17.000000 -12.000000 -13.000000 2254.000000 
10.000000 -1.000000 11.000000 22.000000 9.000000 -7.000000 4.000000 -3.000000 8.000000 4.000000 6.000000 10.000000 13.000000 7.000000 23.000000 -22.000000 -8.000000 15.000000 -14.000000 -18.000000 1.000000 24.000000 -24.000000 -1.000000 12.000000 1.000000 -20.000000 6.000000 10.000000 18.000000 81.000000 
-8.000000 19.000000 17.000000 -22.000000 15.000000 25.000000 21.000000 19.000000 -3.000000 4.000000 -3.000000 2.000000 13.000000 9.000000 8.000000 11.000000 12.000000 -25.000000 25.000000 24.000000 7.000000 0.000000 22.000000 8.000000 -2.000000 -18.000000 9.000000 -23.000000 -13.000000 -7.000000 -1214.000000 
-5.000000 5.000000 -14.000000 11.000000 8.000000 1.000000 10.000000 -23.000000 -6.000000 6.000000 6.000000 16.000000 7.000000 19.000000 -1.000000 -10.000000 -22.000000 11.000000 15.000000 -23.000000 9.000000 -4.000000 -24.000000 -21.000000 3.000000 24.000000 11.000000 -14.000000 0.000000 24.000000 -1874.000000 
4.000000 20.000000 3.000000 -10.000000 5.000000 10.000000 16.000000 15.000000 12.000000 9.000000 -5.000000 18.000000 -1.000000 -23.000000 11.000000 -3.000000 17.000000 -12.000000 -18.000000 6.000000 -10.000000 -10.000000 -24.000000 16.000000 19.000000 4.000000 14.000000 5.000000 16.000000 -12.000000 -1053.000000 
3.000000 19.000000 8.000000 5.000000 -17.000000 -13.000000 -11.000000 -2.000000 -24.000000 0.000000 -19.000000 22.000000 -8.000000 -21.000000 -2.000000 2.000000 -24.000000 -11.000000 15.000000 -17.000000 20.000000 4.000000 24.000000 -5.000000 -6.000000 17.000000 24.000000 7.000000 21.000000 -12.000000 209.000000 
