30 
20.000000 -25.000000 -13.000000 7.000000 9.000000 -12.000000 0.000000 16.000000 -9.000000 4.000000 11.000000 -10.000000 10.000000 7.000000 -1.000000 8.000000 1.000000 -17.000000 -12.000000 -13.000000 -22.000000 -24.000000 4.000000 -3.000000 -21.000000 11.000000 24.000000 4.000000 3.000000 21.000000 -272.000000 
-18.000000 -3.000000 21.000000 20.000000 3.000000 5.000000 7.000000 -23.000000 20.000000 23.000000 -20.000000 -21.000000 13.000000 -10.000000 11.000000 -14.000000 23.000000 11.000000 -6.000000 -15.000000 -2.000000 -3.000000 11.000000 -24.000000 -7.000000 15.000000 13.000000 17.000000 -6.000000 15.000000 -1839.000000 
12.000000 -25.000000 -13.000000 -18.000000 -6.000000 -11.000000 -14.000000 -24.000000 -8.000000 -20.000000 24.000000 22.000000 -16.000000 -15.000000 -14.000000 -6.000000 -3.000000 -17.000000 -20.000000 16.000000 18.000000 3.000000 13.000000 3.000000 4.000000 5.000000 18.000000 16.000000 -4.000000 11.000000 677.000000 
6.000000 8.000000 -15.000000 -8.000000 15.000000 5.000000 6.000000 -25.000000 -20.000000 -3.000000 5.000000 3.000000 -6.000000 14.000000 14.000000 -21.000000 -18.000000 -15.000000 13.000000 -13.000000 0.000000 5.000000 -11.000000 12.000000 8.000000 -7.000000 -8.000000 25.000000 -17.000000 -13.000000 1177.000000 
10.000000 -12.000000 -6.000000 -6.000000 5.000000 8.000000 -2.000000 11.000000 -18.000000 3.000000 7.000000 12.000000 6.000000 -25.000000 0.000000 -6.000000 5.000000 -18.000000 4.000000 -8.000000 19.000000 3.000000 -4.000000 -17.000000 -10.000000 -22.000000 -25.000000 -19.000000 -23.000000 -17.000000 2181.000000 
18.000000 -14.000000 22.000000 -13.000000 -20.000000 -25.000000 20.000000 3.000000 11.000000 -23.000000 6.000000 18.000000 14.000000 -14.000000 18.000000 14.000000 5.000000 22.000000 21.000000 8.000000 -12.000000 14.000000 10.000000 10.000000 -4.000000 25.000000 -13.000000 -4.000000 5.000000 15.000000 -793.000000 
-21.000000 -2.000000 -25.000000 -25.000000 10.000000 -20.000000 0.000000 4.000000 -17.000000 11.000000 -20.000000 14.000000 3.000000 20.000000 25.000000 20.000000 -18.000000 -22.000000 17.000000 -23.000000 -15.000000 4.000000 -10.000000 20.000000 13.000000 12.000000 20.000000 -25.000000 -18.000000 -1.000000 -396.000000 
15.000000 11.000000 22.000000 -11.000000 11.000000 -20.000000 -5.000000 -14.000000 -16.000000 3.000000 -4.000000 -11.000000 16.000000 24.000000 8.000000 15.000000 18.000000 15.000000 -8.000000 9.000000 -9.000000 2.000000 13.000000 7.000000 -4.000000 0.000000 -7.000000 15.000000 25.000000 25.000000 706.000000 
-11.000000 -12.000000 11.000000 10.000000 3.000000 21.000000 -10.000000 -3.000000 6.000000 -1.000000 -1.000000 -24.000000 13.000000 -11.000000 -1.000000 21.000000 3.000000 -8.000000 10.000000 20.000000 0.000000 1.000000 -4.000000 -13.000000 -18.000000 -9.000000 -13.000000 25.000000 -19.000000 -14.000000 1662.000000 
-2.000000 20.000000 0.000000 8.000000 4.000000 2.000000 -22.000000 19.000000 24.000000 9.000000 17.000000 22.000000 -15.000000 5.000000 -15.000000 9.000000 25.000000 -13.000000 0.000000 -17.000000 -19.000000 -25.000000 9.000000 -24.000000 12.000000 16.000000 -8.000000 24.000000 -11.000000 23.000000 138.000000 
10.000000 -13.000000 17.000000 9.000000 20.000000 21.000000 -15.000000 23.000000 14.000000 8.000000 -19.000000 6.000000 4.000000 -9.000000 10.000000 14.000000 -1.000000 9.000000 -25.000000 -1.000000 17.000000 6.000000 -1.000000 -25.000000 -19.000000 10.000000 -10.000000 23.000000 -17.000000 5.000000 1099.000000 
21.000000 18.000000 17.000000 12.000000 1.000000 -15.000000 7.000000 -15.000000 -17.000000 21.000000 18.000000 -11.000000 -25.000000 21.000000 -21.000000 10.000000 -17.000000 -23.000000 18.000000 8.000000 1.000000 -17.000000 -12.000000 -1.000000 -17.000000 19.000000 -16.000000 -1.000000 16.000000 17.000000 562.000000 
3.000000 11.000000 9.000000 19.000000 23.000000 9.000000 -22.000000 -22.000000 19.000000 -14.000000 24.000000 -15.000000 25.000000 -2.000000 -20.000000 3.000000 7.000000 13.000000 -20.000000 -1.000000 -5.000000 6.000000 -18.000000 8.000000 5.000000 -10.000000 1.000000 -12.000000 -12.000000 16.000000 -136.000000 
-21.000000 -10.000000 2.000000 13.000000 -17.000000 24.000000 21.000000 -13.000000 -24.000000 -12.000000 23.000000 0.000000 23.000000 -3.000000 23.000000 2.000000 -1.000000 -21.000000 -11.000000 4.000000 3.000000 9.000000 -15.000000 -16.000000 16.000000 -11.000000 0.000000 -9.000000 2.000000 -13.000000 263.000000 
6.000000 6.000000 3.000000 -18.000000 18.000000 11.000000 5.000000 -13.000000 -3.000000 -19.000000 0.000000 20.000000 -20.000000 -3.000000 16.000000 -23.000000 24.000000 -11.000000 -19.000000 -13.000000 19.000000 -16.000000 21.000000 3.000000 -7.000000 11.000000 17.000000 -8.000000 1.000000 18.000000 -1138.000000 
-21.000000 -19.000000 -2.000000 7.000000 14.000000 15.000000 17.000000 18.000000 -24.000000 14.000000 24.000000 -25.000000 8.000000 -22.000000 -3.000000 23.000000 6.000000 20.000000 -14.000000 -14.000000 -19.000000 -21.000000 20.000000 1.000000 7.000000 13.000000 11.000000 23.000000 -21.000000 11.000000 721.000000 
15.000000 8.000000 -9.000000 12.000000 -11.000000 4.000000 -25.000000 6.000000 -3.000000 1.000000 19.000000 20.000000 1.000000 -25.000000 -2.000000 23.000000 23.000000 -22.000000 17.000000 -17.000000 14.000000 -3.000000 -12.000000 9.000000 23.000000 -6.000000 -4.000000 -18.000000 -8.000000 25.000000 1480.000000 
18.000000 6.000000 8.000000 -16.000000 18.000000 -4.000000 13.000000 18.000000 1.000000 9.000000 -6.000000 -6.000000 -22.000000 20.000000 -6.000000 1.000000 -8.000000 -9.000000 4.000000 -17.000000 0.000000 -8.000000 -20.000000 -13.000000 0.000000 -23.000000 6.000000 -5.000000 10.000000 -3.000000 329.000000 
20.000000 2.000000 3.000000 2.000000 -15.000000 -5.000000 -3.000000 -2.000000 -13.000000 24.000000 -19.000000 6.000000 -8.000000 -16.000000 -25.000000 -14.000000 -16.000000 -8.000000 2.000000 13.000000 25.000000 -24.000000 5.000000 -21.000000 13.000000 4.000000 7.000000 -6.000000 25.000000 -9.000000 -1233.000000 
-10.000000 19.000000 -8.000000 18.000000 20.000000 3.000000 12.000000 -9.000000 -25.000000 25.000000 14.000000 6.000000 -21.000000 6.000000 -10.000000 -21.000000 17.000000 -1.000000 21.000000 -7.000000 12.000000 21.000000 20.000000 16.000000 -1.000000 7.000000 -6.000000 5.000000 0.000000 18.000000 1588.000000 
21.000000 -10.000000 11.000000 -12.000000 7.000000 -21.000000 -10.000000 -6.000000 -4.000000 15.000000 -7.000000 9.000000 20.000000 22.000000 -11.000000 -16.000000 1.000000 -20.000000 -17.000000 21.000000 24.000000 -6.000000 16.000000 -8.000000 -16.000000 15.000000 24.000000 3.000000 -6.000000 24.000000 -559.000000 
21.000000 15.000000 13.000000 6.000000 2.000000 -6.000000 11.000000 17.000000 13.000000 6.000000 -20.000000 5.000000 14.000000 25.000000 -24.000000 -22.000000 9.000000 2.000000 8.000000 -9.000000 -3.000000 6.000000 10.000000 13.000000 23.000000 19.000000 -24.000000 -4.000000 21.000000 -5.000000 -1573.000000 
19.000000 16.000000 9.000000 6.000000 22.000000 -15.000000 -1.000000 -19.000000 1.000000 -13.000000 -14.000000 6.000000 -9.000000 25.000000 6.000000 17.000000 2.000000 14.000000 18.000000 -15.000000 -21.000000 -10.000000 -10.000000 14.000000 2.000000 13.000000 -19.000000 -23.000000 8.000000 -24.000000 -1062.000000 
22.000000 1.000000 -8.000000 6.000000 6.000000 13.000000 16.000000 -21.000000 19.000000 17.000000 16.000000 -21.000000 -3.000000 7.000000 3.000000 2.000000 -2.000000 -20.000000 15.000000 -9.000000 15.000000 19.000000 -20.000000 -21.000000 7.000000 -19.000000 17.000000 -13.000000 -17.000000 -1.000000 612.000000 
14.000000 -21.000000 -1.000000 -20.000000 10.000000 -21.000000 18.000000 -25.000000 9.000000 -15.000000 17.000000 -1.000000 14.000000 13.000000 5.000000 -9.000000 15.000000 -22.000000 -4.000000 4.000000 19.000000 -15.000000 -2.000000 24.000000 15.000000 4.000000 4.000000 -20.000000 17.000000 12.000000 -1030.000000 
5.000000 -21.000000 -10.000000 3.000000 -16.000000 -25.000000 8.000000 1.000000 0.000000 16.000000 11.000000 16.000000 -11.000000 -1.000000 -23.000000 -6.000000 -11.000000 17.000000 -3.000000 -15.000000 21.000000 15.000000 20.000000 18.000000 13.000000 9.000000 21.000000 16.000000 15.000000 12.000000 328.000000 
2.000000 19.000000 -10.000000 17.000000 -4.000000 -1.000000 -9.000000 3.000000 -1.000000 -10.000000 -7.000000 9.000000 -20.000000 -18.000000 7.000000 -17.000000 1.000000 22.000000 -1.000000 -3.000000 6.000000 -6.000000 -14.000000 0.000000 -14.000000 -2.000000 9.000000 -18.000000 -12.000000 -2.000000 -1089.000000 
-7.000000 15.000000 16.000000 9.000000 -20.000000 -14.000000 7.000000 22.000000 -11.000000 6.000000 -14.000000 7.000000 -11.000000 -8.000000 -12.000000 22.000000 25.000000 14.000000 -8.000000 -2.000000 10.000000 23.000000 -8.000000 21.000000 -3.000000 -23.000000 -7.000000 -20.000000 -16.000000 -20.000000 738.000000 
-23.000000 -23.000000 -6.000000 -8.000000 -15.000000 0.000000 4.000000 -9.000000 -4.000000 -8.000000 22.000000 -19.000000 -2.000000 -14.000000 -2.000000 12.000000 7.000000 22.000000 25.000000 24.000000 -5.000000 10.000000 21.000000 -14.000000 5.000000 17.000000 -12.000000 -2.000000 -3.000000 -2.000000 905.000000 
3.000000 24.000000 25.000000 23.000000 -9.000000 9.000000 22.000000 -6.000000 25.000000 17.000000 11.000000 22.000000 23.000000 -17.000000 7.000000 -4.000000 20.000000 -12.000000 17.000000 -6.000000 11.000000 -14.000000 -22.000000 -20.000000 -3.000000 -18.000000 22.000000 -15.000000 5.000000 18.000000 -1394.000000 
